2, -0.62 -0.07 0.71;
3, -0.62 0.15 0.71;
4, -0.67 0.362 0.71;
5, -0.421 -0.35 0.71;
8, -0.41 0.362 0.71;
12, -0.14 0.362 0.71;
16, 0.13 0.362 0.71;
20, 0.4 0.362 0.71;
24, 0.65 0.362 0.71;
23, 0.72 0.15 0.71;
19, 0.45 0.15 0.71;
15, 0.2 0.13 0.71;
11, -0.07 0.14 0.71;
7, -0.358 0.14 0.71;
6, -0.34 -0.09 0.71;
10, -0.09 -0.09 0.71;
14, 0.19 -0.081 0.71;
18, 0.46 -0.081 0.71;
22, 0.72 -0.081 0.71;
21, 0.65 -0.35 0.71;
17, 0.4 -0.35 0.71;
13, 0.12 -0.35 0.71;
9, -0.15 -0.35 0.71;
1, -0.68 -0.35 0.;
